46500|P|41|01
46501|P|41|02
46502|P|41|03
46503|P|41|04
46504|P|41|05
46505|P|41|06
46506|P|41|07
46507|P|41|08
46508|P|41|09
46509|P|41|10
46510|P|41|11
46511|P|41|12
46512|P|41|13
46513|P|41|14
46514|P|41|15
46515|P|41|16
46516|P|41|17
46517|P|41|18
46518|P|41|19
46519|P|41|20
46520|P|42|01
46521|P|42|02
46522|P|42|03
46523|P|42|04
46524|P|42|05
46525|P|42|06
46526|P|42|07
46527|P|42|08
46528|P|42|09
46529|P|42|10
46530|P|42|11
46531|P|42|12
46532|P|42|13
46533|P|42|14
46534|P|42|15
46535|P|42|16
46536|P|42|17
46537|P|42|18
46538|P|42|19
46539|P|42|20
46540|P|43|01
46541|P|43|02
46542|P|43|03
46543|P|43|04
46544|P|43|05
46545|P|43|06
46546|P|43|07
46547|P|43|08
46548|P|43|09
46549|P|43|10
46550|P|43|11
46551|P|43|12
46552|P|43|13
46553|P|43|14
46554|P|43|15
46555|P|43|16
46556|P|43|17
46557|P|43|18
46558|P|43|19
46559|P|43|20
46560|P|44|01
46561|P|44|02
46562|P|44|03
46563|P|44|04
46564|P|44|05
46565|P|44|06
46566|P|44|07
46567|P|44|08
46568|P|44|09
46569|P|44|10
46570|P|44|11
46571|P|44|12
46572|P|44|13
46573|P|44|14
46574|P|44|15
46575|P|44|16
46576|P|44|17
46577|P|44|18
46578|P|44|19
46579|P|44|20
46580|P|45|01
46581|P|45|02
46582|P|45|03
46583|P|45|04
46584|P|45|05
46585|P|45|06
46586|P|45|07
46587|P|45|08
46588|P|45|09
46589|P|45|10
46590|P|45|11
46591|P|45|12
46592|P|45|13
46593|P|45|14
46594|P|45|15
46595|P|45|16
46596|P|45|17
46597|P|45|18
46598|P|45|19
46599|P|45|20
46600|P|46|01
46601|P|46|02
46602|P|46|03
46603|P|46|04
46604|P|46|05
46605|P|46|06
46606|P|46|07
46607|P|46|08
46608|P|46|09
46609|P|46|10
46610|P|46|11
46611|P|46|12
46612|P|46|13
46613|P|46|14
46614|P|46|15
46615|P|46|16
46616|P|46|17
46617|P|46|18
46618|P|46|19
46619|P|46|20
46620|P|47|01
46621|P|47|02
46622|P|47|03
46623|P|47|04
46624|P|47|05
46625|P|47|06
46626|P|47|07
46627|P|47|08
46628|P|47|09
46629|P|47|10
46630|P|47|11
46631|P|47|12
46632|P|47|13
46633|P|47|14
46634|P|47|15
46635|P|47|16
46636|P|47|17
46637|P|47|18
46638|P|47|19
46639|P|47|20
46640|P|48|01
46641|P|48|02
46642|P|48|03
46643|P|48|04
46644|P|48|05
46645|P|48|06
46646|P|48|07
46647|P|48|08
46648|P|48|09
46649|P|48|10
46650|P|48|11
46651|P|48|12
46652|P|48|13
46653|P|48|14
46654|P|48|15
46655|P|48|16
46656|P|48|17
46657|P|48|18
46658|P|48|19
46659|P|48|20
46660|P|49|01
46661|P|49|02
46662|P|49|03
46663|P|49|04
46664|P|49|05
46665|P|49|06
46666|P|49|07
46667|P|49|08
46668|P|49|09
46669|P|49|10
46670|P|49|11
46671|P|49|12
46672|P|49|13
46673|P|49|14
46674|P|49|15
46675|P|49|16
46676|P|49|17
46677|P|49|18
46678|P|49|19
46679|P|49|20
46680|P|50|01
46681|P|50|02
46682|P|50|03
46683|P|50|04
46684|P|50|05
46685|P|50|06
46686|P|50|07
46687|P|50|08
46688|P|50|09
46689|P|50|10
46690|P|50|11
46691|P|50|12
46692|P|50|13
46693|P|50|14
46694|P|50|15
46695|P|50|16
46696|P|50|17
46697|P|50|18
46698|P|50|19
46699|P|50|20