49700|P|51|01
49701|P|51|02
49702|P|51|03
49703|P|51|04
49704|P|51|05
49705|P|51|06
49706|P|51|07
49707|P|51|08
49708|P|51|09
49709|P|51|10
49710|P|51|11
49711|P|51|12
49712|P|51|13
49713|P|51|14
49714|P|51|15
49715|P|51|16
49716|P|51|17
49717|P|51|18
49718|P|51|19
49719|P|51|20
49720|P|52|01
49721|P|52|02
49722|P|52|03
49723|P|52|04
49724|P|52|05
49725|P|52|06
49726|P|52|07
49727|P|52|08
49728|P|52|09
49729|P|52|10
49730|P|52|11
49731|P|52|12
49732|P|52|13
49733|P|52|14
49734|P|52|15
49735|P|52|16
49736|P|52|17
49737|P|52|18
49738|P|52|19
49739|P|52|20
49740|P|53|01
49741|P|53|02
49742|P|53|03
49743|P|53|04
49744|P|53|05
49745|P|53|06
49746|P|53|07
49747|P|53|08
49748|P|53|09
49749|P|53|10
49750|P|53|11
49751|P|53|12
49752|P|53|13
49753|P|53|14
49754|P|53|15
49755|P|53|16
49756|P|53|17
49757|P|53|18
49758|P|53|19
49759|P|53|20
49760|P|54|01
49761|P|54|02
49762|P|54|03
49763|P|54|04
49764|P|54|05
49765|P|54|06
49766|P|54|07
49767|P|54|08
49768|P|54|09
49769|P|54|10
49770|P|54|11
49771|P|54|12
49772|P|54|13
49773|P|54|14
49774|P|54|15
49775|P|54|16
49776|P|54|17
49777|P|54|18
49778|P|54|19
49779|P|54|20
49780|P|55|01
49781|P|55|02
49782|P|55|03
49783|P|55|04
49784|P|55|05
49785|P|55|06
49786|P|55|07
49787|P|55|08
49788|P|55|09
49789|P|55|10
49790|P|55|11
49791|P|55|12
49792|P|55|13
49793|P|55|14
49794|P|55|15
49795|P|55|16
49796|P|55|17
49797|P|55|18
49798|P|55|19
49799|P|55|20
49800|P|56|01
49801|P|56|02
49802|P|56|03
49803|P|56|04
49804|P|56|05
49805|P|56|06
49806|P|56|07
49807|P|56|08
49808|P|56|09
49809|P|56|10
49810|P|56|11
49811|P|56|12
49812|P|56|13
49813|P|56|14
49814|P|56|15
49815|P|56|16
49816|P|56|17
49817|P|56|18
49818|P|56|19
49819|P|56|20
49820|P|57|01
49821|P|57|02
49822|P|57|03
49823|P|57|04
49824|P|57|05
49825|P|57|06
49826|P|57|07
49827|P|57|08
49828|P|57|09
49829|P|57|10
49830|P|57|11
49831|P|57|12
49832|P|57|13
49833|P|57|14
49834|P|57|15
49835|P|57|16
49836|P|57|17
49837|P|57|18
49838|P|57|19
49839|P|57|20
49840|P|58|01
49841|P|58|02
49842|P|58|03
49843|P|58|04
49844|P|58|05
49845|P|58|06
49846|P|58|07
49847|P|58|08
49848|P|58|09
49849|P|58|10
49850|P|58|11
49851|P|58|12
49852|P|58|13
49853|P|58|14
49854|P|58|15
49855|P|58|16
49856|P|58|17
49857|P|58|18
49858|P|58|19
49859|P|58|20
49860|P|59|01
49861|P|59|02
49862|P|59|03
49863|P|59|04
49864|P|59|05
49865|P|59|06
49866|P|59|07
49867|P|59|08
49868|P|59|09
49869|P|59|10
49870|P|59|11
49871|P|59|12
49872|P|59|13
49873|P|59|14
49874|P|59|15
49875|P|59|16
49876|P|59|17
49877|P|59|18
49878|P|59|19
49879|P|59|20
49880|P|60|01
49881|P|60|02
49882|P|60|03
49883|P|60|04
49884|P|60|05
49885|P|60|06
49886|P|60|07
49887|P|60|08
49888|P|60|09
49889|P|60|10
49890|P|60|11
49891|P|60|12
49892|P|60|13
49893|P|60|14
49894|P|60|15
49895|P|60|16
49896|P|60|17
49897|P|60|18
49898|P|60|19
49899|P|60|20