46700|P|51|01
46701|P|51|02
46702|P|51|03
46703|P|51|04
46704|P|51|05
46705|P|51|06
46706|P|51|07
46707|P|51|08
46708|P|51|09
46709|P|51|10
46710|P|51|11
46711|P|51|12
46712|P|51|13
46713|P|51|14
46714|P|51|15
46715|P|51|16
46716|P|51|17
46717|P|51|18
46718|P|51|19
46719|P|51|20
46720|P|52|01
46721|P|52|02
46722|P|52|03
46723|P|52|04
46724|P|52|05
46725|P|52|06
46726|P|52|07
46727|P|52|08
46728|P|52|09
46729|P|52|10
46730|P|52|11
46731|P|52|12
46732|P|52|13
46733|P|52|14
46734|P|52|15
46735|P|52|16
46736|P|52|17
46737|P|52|18
46738|P|52|19
46739|P|52|20
46740|P|53|01
46741|P|53|02
46742|P|53|03
46743|P|53|04
46744|P|53|05
46745|P|53|06
46746|P|53|07
46747|P|53|08
46748|P|53|09
46749|P|53|10
46750|P|53|11
46751|P|53|12
46752|P|53|13
46753|P|53|14
46754|P|53|15
46755|P|53|16
46756|P|53|17
46757|P|53|18
46758|P|53|19
46759|P|53|20
46760|P|54|01
46761|P|54|02
46762|P|54|03
46763|P|54|04
46764|P|54|05
46765|P|54|06
46766|P|54|07
46767|P|54|08
46768|P|54|09
46769|P|54|10
46770|P|54|11
46771|P|54|12
46772|P|54|13
46773|P|54|14
46774|P|54|15
46775|P|54|16
46776|P|54|17
46777|P|54|18
46778|P|54|19
46779|P|54|20
46780|P|55|01
46781|P|55|02
46782|P|55|03
46783|P|55|04
46784|P|55|05
46785|P|55|06
46786|P|55|07
46787|P|55|08
46788|P|55|09
46789|P|55|10
46790|P|55|11
46791|P|55|12
46792|P|55|13
46793|P|55|14
46794|P|55|15
46795|P|55|16
46796|P|55|17
46797|P|55|18
46798|P|55|19
46799|P|55|20
46800|P|56|01
46801|P|56|02
46802|P|56|03
46803|P|56|04
46804|P|56|05
46805|P|56|06
46806|P|56|07
46807|P|56|08
46808|P|56|09
46809|P|56|10
46810|P|56|11
46811|P|56|12
46812|P|56|13
46813|P|56|14
46814|P|56|15
46815|P|56|16
46816|P|56|17
46817|P|56|18
46818|P|56|19
46819|P|56|20
46820|P|57|01
46821|P|57|02
46822|P|57|03
46823|P|57|04
46824|P|57|05
46825|P|57|06
46826|P|57|07
46827|P|57|08
46828|P|57|09
46829|P|57|10
46830|P|57|11
46831|P|57|12
46832|P|57|13
46833|P|57|14
46834|P|57|15
46835|P|57|16
46836|P|57|17
46837|P|57|18
46838|P|57|19
46839|P|57|20
46840|P|58|01
46841|P|58|02
46842|P|58|03
46843|P|58|04
46844|P|58|05
46845|P|58|06
46846|P|58|07
46847|P|58|08
46848|P|58|09
46849|P|58|10
46850|P|58|11
46851|P|58|12
46852|P|58|13
46853|P|58|14
46854|P|58|15
46855|P|58|16
46856|P|58|17
46857|P|58|18
46858|P|58|19
46859|P|58|20
46860|P|59|01
46861|P|59|02
46862|P|59|03
46863|P|59|04
46864|P|59|05
46865|P|59|06
46866|P|59|07
46867|P|59|08
46868|P|59|09
46869|P|59|10
46870|P|59|11
46871|P|59|12
46872|P|59|13
46873|P|59|14
46874|P|59|15
46875|P|59|16
46876|P|59|17
46877|P|59|18
46878|P|59|19
46879|P|59|20
46880|P|60|01
46881|P|60|02
46882|P|60|03
46883|P|60|04
46884|P|60|05
46885|P|60|06
46886|P|60|07
46887|P|60|08
46888|P|60|09
46889|P|60|10
46890|P|60|11
46891|P|60|12
46892|P|60|13
46893|P|60|14
46894|P|60|15
46895|P|60|16
46896|P|60|17
46897|P|60|18
46898|P|60|19
46899|P|60|20