48100|P|51|01
48101|P|51|02
48102|P|51|03
48103|P|51|04
48104|P|51|05
48105|P|51|06
48106|P|51|07
48107|P|51|08
48108|P|51|09
48109|P|51|10
48110|P|51|11
48111|P|51|12
48112|P|51|13
48113|P|51|14
48114|P|51|15
48115|P|51|16
48116|P|51|17
48117|P|51|18
48118|P|51|19
48119|P|51|20
48120|P|52|01
48121|P|52|02
48122|P|52|03
48123|P|52|04
48124|P|52|05
48125|P|52|06
48126|P|52|07
48127|P|52|08
48128|P|52|09
48129|P|52|10
48130|P|52|11
48131|P|52|12
48132|P|52|13
48133|P|52|14
48134|P|52|15
48135|P|52|16
48136|P|52|17
48137|P|52|18
48138|P|52|19
48139|P|52|20
48140|P|53|01
48141|P|53|02
48142|P|53|03
48143|P|53|04
48144|P|53|05
48145|P|53|06
48146|P|53|07
48147|P|53|08
48148|P|53|09
48149|P|53|10
48150|P|53|11
48151|P|53|12
48152|P|53|13
48153|P|53|14
48154|P|53|15
48155|P|53|16
48156|P|53|17
48157|P|53|18
48158|P|53|19
48159|P|53|20
48160|P|54|01
48161|P|54|02
48162|P|54|03
48163|P|54|04
48164|P|54|05
48165|P|54|06
48166|P|54|07
48167|P|54|08
48168|P|54|09
48169|P|54|10
48170|P|54|11
48171|P|54|12
48172|P|54|13
48173|P|54|14
48174|P|54|15
48175|P|54|16
48176|P|54|17
48177|P|54|18
48178|P|54|19
48179|P|54|20
48180|P|55|01
48181|P|55|02
48182|P|55|03
48183|P|55|04
48184|P|55|05
48185|P|55|06
48186|P|55|07
48187|P|55|08
48188|P|55|09
48189|P|55|10
48190|P|55|11
48191|P|55|12
48192|P|55|13
48193|P|55|14
48194|P|55|15
48195|P|55|16
48196|P|55|17
48197|P|55|18
48198|P|55|19
48199|P|55|20
48200|P|56|01
48201|P|56|02
48202|P|56|03
48203|P|56|04
48204|P|56|05
48205|P|56|06
48206|P|56|07
48207|P|56|08
48208|P|56|09
48209|P|56|10
48210|P|56|11
48211|P|56|12
48212|P|56|13
48213|P|56|14
48214|P|56|15
48215|P|56|16
48216|P|56|17
48217|P|56|18
48218|P|56|19
48219|P|56|20
48220|P|57|01
48221|P|57|02
48222|P|57|03
48223|P|57|04
48224|P|57|05
48225|P|57|06
48226|P|57|07
48227|P|57|08
48228|P|57|09
48229|P|57|10
48230|P|57|11
48231|P|57|12
48232|P|57|13
48233|P|57|14
48234|P|57|15
48235|P|57|16
48236|P|57|17
48237|P|57|18
48238|P|57|19
48239|P|57|20
48240|P|58|01
48241|P|58|02
48242|P|58|03
48243|P|58|04
48244|P|58|05
48245|P|58|06
48246|P|58|07
48247|P|58|08
48248|P|58|09
48249|P|58|10
48250|P|58|11
48251|P|58|12
48252|P|58|13
48253|P|58|14
48254|P|58|15
48255|P|58|16
48256|P|58|17
48257|P|58|18
48258|P|58|19
48259|P|58|20
48260|P|59|01
48261|P|59|02
48262|P|59|03
48263|P|59|04
48264|P|59|05
48265|P|59|06
48266|P|59|07
48267|P|59|08
48268|P|59|09
48269|P|59|10
48270|P|59|11
48271|P|59|12
48272|P|59|13
48273|P|59|14
48274|P|59|15
48275|P|59|16
48276|P|59|17
48277|P|59|18
48278|P|59|19
48279|P|59|20
48280|P|60|01
48281|P|60|02
48282|P|60|03
48283|P|60|04
48284|P|60|05
48285|P|60|06
48286|P|60|07
48287|P|60|08
48288|P|60|09
48289|P|60|10
48290|P|60|11
48291|P|60|12
48292|P|60|13
48293|P|60|14
48294|P|60|15
48295|P|60|16
48296|P|60|17
48297|P|60|18
48298|P|60|19
48299|P|60|20