46100|P|21|01
46101|P|21|02
46102|P|21|03
46103|P|21|04
46104|P|21|05
46105|P|21|06
46106|P|21|07
46107|P|21|08
46108|P|21|09
46109|P|21|10
46110|P|21|11
46111|P|21|12
46112|P|21|13
46113|P|21|14
46114|P|21|15
46115|P|21|16
46116|P|21|17
46117|P|21|18
46118|P|21|19
46119|P|21|20
46120|P|22|01
46121|P|22|02
46122|P|22|03
46123|P|22|04
46124|P|22|05
46125|P|22|06
46126|P|22|07
46127|P|22|08
46128|P|22|09
46129|P|22|10
46130|P|22|11
46131|P|22|12
46132|P|22|13
46133|P|22|14
46134|P|22|15
46135|P|22|16
46136|P|22|17
46137|P|22|18
46138|P|22|19
46139|P|22|20
46140|P|23|01
46141|P|23|02
46142|P|23|03
46143|P|23|04
46144|P|23|05
46145|P|23|06
46146|P|23|07
46147|P|23|08
46148|P|23|09
46149|P|23|10
46150|P|23|11
46151|P|23|12
46152|P|23|13
46153|P|23|14
46154|P|23|15
46155|P|23|16
46156|P|23|17
46157|P|23|18
46158|P|23|19
46159|P|23|20
46160|P|24|01
46161|P|24|02
46162|P|24|03
46163|P|24|04
46164|P|24|05
46165|P|24|06
46166|P|24|07
46167|P|24|08
46168|P|24|09
46169|P|24|10
46170|P|24|11
46171|P|24|12
46172|P|24|13
46173|P|24|14
46174|P|24|15
46175|P|24|16
46176|P|24|17
46177|P|24|18
46178|P|24|19
46179|P|24|20
46180|P|25|01
46181|P|25|02
46182|P|25|03
46183|P|25|04
46184|P|25|05
46185|P|25|06
46186|P|25|07
46187|P|25|08
46188|P|25|09
46189|P|25|10
46190|P|25|11
46191|P|25|12
46192|P|25|13
46193|P|25|14
46194|P|25|15
46195|P|25|16
46196|P|25|17
46197|P|25|18
46198|P|25|19
46199|P|25|20
46200|P|26|01
46201|P|26|02
46202|P|26|03
46203|P|26|04
46204|P|26|05
46205|P|26|06
46206|P|26|07
46207|P|26|08
46208|P|26|09
46209|P|26|10
46210|P|26|11
46211|P|26|12
46212|P|26|13
46213|P|26|14
46214|P|26|15
46215|P|26|16
46216|P|26|17
46217|P|26|18
46218|P|26|19
46219|P|26|20
46220|P|27|01
46221|P|27|02
46222|P|27|03
46223|P|27|04
46224|P|27|05
46225|P|27|06
46226|P|27|07
46227|P|27|08
46228|P|27|09
46229|P|27|10
46230|P|27|11
46231|P|27|12
46232|P|27|13
46233|P|27|14
46234|P|27|15
46235|P|27|16
46236|P|27|17
46237|P|27|18
46238|P|27|19
46239|P|27|20
46240|P|28|01
46241|P|28|02
46242|P|28|03
46243|P|28|04
46244|P|28|05
46245|P|28|06
46246|P|28|07
46247|P|28|08
46248|P|28|09
46249|P|28|10
46250|P|28|11
46251|P|28|12
46252|P|28|13
46253|P|28|14
46254|P|28|15
46255|P|28|16
46256|P|28|17
46257|P|28|18
46258|P|28|19
46259|P|28|20
46260|P|29|01
46261|P|29|02
46262|P|29|03
46263|P|29|04
46264|P|29|05
46265|P|29|06
46266|P|29|07
46267|P|29|08
46268|P|29|09
46269|P|29|10
46270|P|29|11
46271|P|29|12
46272|P|29|13
46273|P|29|14
46274|P|29|15
46275|P|29|16
46276|P|29|17
46277|P|29|18
46278|P|29|19
46279|P|29|20
46280|P|30|01
46281|P|30|02
46282|P|30|03
46283|P|30|04
46284|P|30|05
46285|P|30|06
46286|P|30|07
46287|P|30|08
46288|P|30|09
46289|P|30|10
46290|P|30|11
46291|P|30|12
46292|P|30|13
46293|P|30|14
46294|P|30|15
46295|P|30|16
46296|P|30|17
46297|P|30|18
46298|P|30|19
46299|P|30|20