44500|P|01|01
44501|P|01|02
44502|P|01|03
44503|P|01|04
44504|P|01|05
44505|P|01|06
44506|P|01|07
44507|P|01|08
44508|P|01|09
44509|P|01|10
44510|P|01|11
44511|P|01|12
44512|P|01|13
44513|P|01|14
44514|P|01|15
44515|P|01|16
44516|P|01|17
44517|P|01|18
44518|P|01|19
44519|P|01|20
44520|P|02|01
44521|P|02|02
44522|P|02|03
44523|P|02|04
44524|P|02|05
44525|P|02|06
44526|P|02|07
44527|P|02|08
44528|P|02|09
44529|P|02|10
44530|P|02|11
44531|P|02|12
44532|P|02|13
44533|P|02|14
44534|P|02|15
44535|P|02|16
44536|P|02|17
44537|P|02|18
44538|P|02|19
44539|P|02|20
44540|P|03|01
44541|P|03|02
44542|P|03|03
44543|P|03|04
44544|P|03|05
44545|P|03|06
44546|P|03|07
44547|P|03|08
44548|P|03|09
44549|P|03|10
44550|P|03|11
44551|P|03|12
44552|P|03|13
44553|P|03|14
44554|P|03|15
44555|P|03|16
44556|P|03|17
44557|P|03|18
44558|P|03|19
44559|P|03|20
44560|P|04|01
44561|P|04|02
44562|P|04|03
44563|P|04|04
44564|P|04|05
44565|P|04|06
44566|P|04|07
44567|P|04|08
44568|P|04|09
44569|P|04|10
44570|P|04|11
44571|P|04|12
44572|P|04|13
44573|P|04|14
44574|P|04|15
44575|P|04|16
44576|P|04|17
44577|P|04|18
44578|P|04|19
44579|P|04|20
44580|P|05|01
44581|P|05|02
44582|P|05|03
44583|P|05|04
44584|P|05|05
44585|P|05|06
44586|P|05|07
44587|P|05|08
44588|P|05|09
44589|P|05|10
44590|P|05|11
44591|P|05|12
44592|P|05|13
44593|P|05|14
44594|P|05|15
44595|P|05|16
44596|P|05|17
44597|P|05|18
44598|P|05|19
44599|P|05|20
44600|P|06|01
44601|P|06|02
44602|P|06|03
44603|P|06|04
44604|P|06|05
44605|P|06|06
44606|P|06|07
44607|P|06|08
44608|P|06|09
44609|P|06|10
44610|P|06|11
44611|P|06|12
44612|P|06|13
44613|P|06|14
44614|P|06|15
44615|P|06|16
44616|P|06|17
44617|P|06|18
44618|P|06|19
44619|P|06|20
44620|P|07|01
44621|P|07|02
44622|P|07|03
44623|P|07|04
44624|P|07|05
44625|P|07|06
44626|P|07|07
44627|P|07|08
44628|P|07|09
44629|P|07|10
44630|P|07|11
44631|P|07|12
44632|P|07|13
44633|P|07|14
44634|P|07|15
44635|P|07|16
44636|P|07|17
44637|P|07|18
44638|P|07|19
44639|P|07|20
44640|P|08|01
44641|P|08|02
44642|P|08|03
44643|P|08|04
44644|P|08|05
44645|P|08|06
44646|P|08|07
44647|P|08|08
44648|P|08|09
44649|P|08|10
44650|P|08|11
44651|P|08|12
44652|P|08|13
44653|P|08|14
44654|P|08|15
44655|P|08|16
44656|P|08|17
44657|P|08|18
44658|P|08|19
44659|P|08|20
44660|P|09|01
44661|P|09|02
44662|P|09|03
44663|P|09|04
44664|P|09|05
44665|P|09|06
44666|P|09|07
44667|P|09|08
44668|P|09|09
44669|P|09|10
44670|P|09|11
44671|P|09|12
44672|P|09|13
44673|P|09|14
44674|P|09|15
44675|P|09|16
44676|P|09|17
44677|P|09|18
44678|P|09|19
44679|P|09|20
44680|P|10|01
44681|P|10|02
44682|P|10|03
44683|P|10|04
44684|P|10|05
44685|P|10|06
44686|P|10|07
44687|P|10|08
44688|P|10|09
44689|P|10|10
44690|P|10|11
44691|P|10|12
44692|P|10|13
44693|P|10|14
44694|P|10|15
44695|P|10|16
44696|P|10|17
44697|P|10|18
44698|P|10|19
44699|P|10|20
44700|P|11|01
44701|P|11|02
44702|P|11|03
44703|P|11|04
44704|P|11|05
44705|P|11|06
44706|P|11|07
44707|P|11|08
44708|P|11|09
44709|P|11|10
44710|P|11|11
44711|P|11|12
44712|P|11|13
44713|P|11|14
44714|P|11|15
44715|P|11|16
44716|P|11|17
44717|P|11|18
44718|P|11|19
44719|P|11|20
44720|P|12|01
44721|P|12|02
44722|P|12|03
44723|P|12|04
44724|P|12|05
44725|P|12|06
44726|P|12|07
44727|P|12|08
44728|P|12|09
44729|P|12|10
44730|P|12|11
44731|P|12|12
44732|P|12|13
44733|P|12|14
44734|P|12|15
44735|P|12|16
44736|P|12|17
44737|P|12|18
44738|P|12|19
44739|P|12|20
44740|P|13|01
44741|P|13|02
44742|P|13|03
44743|P|13|04
44744|P|13|05
44745|P|13|06
44746|P|13|07
44747|P|13|08
44748|P|13|09
44749|P|13|10
44750|P|13|11
44751|P|13|12
44752|P|13|13
44753|P|13|14
44754|P|13|15
44755|P|13|16
44756|P|13|17
44757|P|13|18
44758|P|13|19
44759|P|13|20
44760|P|14|01
44761|P|14|02
44762|P|14|03
44763|P|14|04
44764|P|14|05
44765|P|14|06
44766|P|14|07
44767|P|14|08
44768|P|14|09
44769|P|14|10
44770|P|14|11
44771|P|14|12
44772|P|14|13
44773|P|14|14
44774|P|14|15
44775|P|14|16
44776|P|14|17
44777|P|14|18
44778|P|14|19
44779|P|14|20
44780|P|15|01
44781|P|15|02
44782|P|15|03
44783|P|15|04
44784|P|15|05
44785|P|15|06
44786|P|15|07
44787|P|15|08
44788|P|15|09
44789|P|15|10
44790|P|15|11
44791|P|15|12
44792|P|15|13
44793|P|15|14
44794|P|15|15
44795|P|15|16
44796|P|15|17
44797|P|15|18
44798|P|15|19
44799|P|15|20
44800|P|16|01
44801|P|16|02
44802|P|16|03
44803|P|16|04
44804|P|16|05
44805|P|16|06
44806|P|16|07
44807|P|16|08
44808|P|16|09
44809|P|16|10
44810|P|16|11
44811|P|16|12
44812|P|16|13
44813|P|16|14
44814|P|16|15
44815|P|16|16
44816|P|16|17
44817|P|16|18
44818|P|16|19
44819|P|16|20
44820|P|17|01
44821|P|17|02
44822|P|17|03
44823|P|17|04
44824|P|17|05
44825|P|17|06
44826|P|17|07
44827|P|17|08
44828|P|17|09
44829|P|17|10
44830|P|17|11
44831|P|17|12
44832|P|17|13
44833|P|17|14
44834|P|17|15
44835|P|17|16
44836|P|17|17
44837|P|17|18
44838|P|17|19
44839|P|17|20
44840|P|18|01
44841|P|18|02
44842|P|18|03
44843|P|18|04
44844|P|18|05
44845|P|18|06
44846|P|18|07
44847|P|18|08
44848|P|18|09
44849|P|18|10
44850|P|18|11
44851|P|18|12
44852|P|18|13
44853|P|18|14
44854|P|18|15
44855|P|18|16
44856|P|18|17
44857|P|18|18
44858|P|18|19
44859|P|18|20
44860|P|19|01
44861|P|19|02
44862|P|19|03
44863|P|19|04
44864|P|19|05
44865|P|19|06
44866|P|19|07
44867|P|19|08
44868|P|19|09
44869|P|19|10
44870|P|19|11
44871|P|19|12
44872|P|19|13
44873|P|19|14
44874|P|19|15
44875|P|19|16
44876|P|19|17
44877|P|19|18
44878|P|19|19
44879|P|19|20
44880|P|20|01
44881|P|20|02
44882|P|20|03
44883|P|20|04
44884|P|20|05
44885|P|20|06
44886|P|20|07
44887|P|20|08
44888|P|20|09
44889|P|20|10
44890|P|20|11
44891|P|20|12
44892|P|20|13
44893|P|20|14
44894|P|20|15
44895|P|20|16
44896|P|20|17
44897|P|20|18
44898|P|20|19
44899|P|20|20
44900|P|21|01
44901|P|21|02
44902|P|21|03
44903|P|21|04
44904|P|21|05
44905|P|21|06
44906|P|21|07
44907|P|21|08
44908|P|21|09
44909|P|21|10
44910|P|21|11
44911|P|21|12
44912|P|21|13
44913|P|21|14
44914|P|21|15
44915|P|21|16
44916|P|21|17
44917|P|21|18
44918|P|21|19
44919|P|21|20
44920|P|22|01
44921|P|22|02
44922|P|22|03
44923|P|22|04
44924|P|22|05
44925|P|22|06
44926|P|22|07
44927|P|22|08
44928|P|22|09
44929|P|22|10
44930|P|22|11
44931|P|22|12
44932|P|22|13
44933|P|22|14
44934|P|22|15
44935|P|22|16
44936|P|22|17
44937|P|22|18
44938|P|22|19
44939|P|22|20
44940|P|23|01
44941|P|23|02
44942|P|23|03
44943|P|23|04
44944|P|23|05
44945|P|23|06
44946|P|23|07
44947|P|23|08
44948|P|23|09
44949|P|23|10
44950|P|23|11
44951|P|23|12
44952|P|23|13
44953|P|23|14
44954|P|23|15
44955|P|23|16
44956|P|23|17
44957|P|23|18
44958|P|23|19
44959|P|23|20
44960|P|24|01
44961|P|24|02
44962|P|24|03
44963|P|24|04
44964|P|24|05
44965|P|24|06
44966|P|24|07
44967|P|24|08
44968|P|24|09
44969|P|24|10
44970|P|24|11
44971|P|24|12
44972|P|24|13
44973|P|24|14
44974|P|24|15
44975|P|24|16
44976|P|24|17
44977|P|24|18
44978|P|24|19
44979|P|24|20
44980|P|25|01
44981|P|25|02
44982|P|25|03
44983|P|25|04
44984|P|25|05
44985|P|25|06
44986|P|25|07
44987|P|25|08
44988|P|25|09
44989|P|25|10
44990|P|25|11
44991|P|25|12
44992|P|25|13
44993|P|25|14
44994|P|25|15
44995|P|25|16
44996|P|25|17
44997|P|25|18
44998|P|25|19
44999|P|25|20
45000|P|26|01
45001|P|26|02
45002|P|26|03
45003|P|26|04
45004|P|26|05
45005|P|26|06
45006|P|26|07
45007|P|26|08
45008|P|26|09
45009|P|26|10
45010|P|26|11
45011|P|26|12
45012|P|26|13
45013|P|26|14
45014|P|26|15
45015|P|26|16
45016|P|26|17
45017|P|26|18
45018|P|26|19
45019|P|26|20
45020|P|27|01
45021|P|27|02
45022|P|27|03
45023|P|27|04
45024|P|27|05
45025|P|27|06
45026|P|27|07
45027|P|27|08
45028|P|27|09
45029|P|27|10
45030|P|27|11
45031|P|27|12
45032|P|27|13
45033|P|27|14
45034|P|27|15
45035|P|27|16
45036|P|27|17
45037|P|27|18
45038|P|27|19
45039|P|27|20
45040|P|28|01
45041|P|28|02
45042|P|28|03
45043|P|28|04
45044|P|28|05
45045|P|28|06
45046|P|28|07
45047|P|28|08
45048|P|28|09
45049|P|28|10
45050|P|28|11
45051|P|28|12
45052|P|28|13
45053|P|28|14
45054|P|28|15
45055|P|28|16
45056|P|28|17
45057|P|28|18
45058|P|28|19
45059|P|28|20
45060|P|29|01
45061|P|29|02
45062|P|29|03
45063|P|29|04
45064|P|29|05
45065|P|29|06
45066|P|29|07
45067|P|29|08
45068|P|29|09
45069|P|29|10
45070|P|29|11
45071|P|29|12
45072|P|29|13
45073|P|29|14
45074|P|29|15
45075|P|29|16
45076|P|29|17
45077|P|29|18
45078|P|29|19
45079|P|29|20
45080|P|30|01
45081|P|30|02
45082|P|30|03
45083|P|30|04
45084|P|30|05
45085|P|30|06
45086|P|30|07
45087|P|30|08
45088|P|30|09
45089|P|30|10
45090|P|30|11
45091|P|30|12
45092|P|30|13
45093|P|30|14
45094|P|30|15
45095|P|30|16
45096|P|30|17
45097|P|30|18
45098|P|30|19
45099|P|30|20
45100|P|31|01
45101|P|31|02
45102|P|31|03
45103|P|31|04
45104|P|31|05
45105|P|31|06
45106|P|31|07
45107|P|31|08
45108|P|31|09
45109|P|31|10
45110|P|31|11
45111|P|31|12
45112|P|31|13
45113|P|31|14
45114|P|31|15
45115|P|31|16
45116|P|31|17
45117|P|31|18
45118|P|31|19
45119|P|31|20
45120|P|32|01
45121|P|32|02
45122|P|32|03
45123|P|32|04
45124|P|32|05
45125|P|32|06
45126|P|32|07
45127|P|32|08
45128|P|32|09
45129|P|32|10
45130|P|32|11
45131|P|32|12
45132|P|32|13
45133|P|32|14
45134|P|32|15
45135|P|32|16
45136|P|32|17
45137|P|32|18
45138|P|32|19
45139|P|32|20
45140|P|33|01
45141|P|33|02
45142|P|33|03
45143|P|33|04
45144|P|33|05
45145|P|33|06
45146|P|33|07
45147|P|33|08
45148|P|33|09
45149|P|33|10
45150|P|33|11
45151|P|33|12
45152|P|33|13
45153|P|33|14
45154|P|33|15
45155|P|33|16
45156|P|33|17
45157|P|33|18
45158|P|33|19
45159|P|33|20
45160|P|34|01
45161|P|34|02
45162|P|34|03
45163|P|34|04
45164|P|34|05
45165|P|34|06
45166|P|34|07
45167|P|34|08
45168|P|34|09
45169|P|34|10
45170|P|34|11
45171|P|34|12
45172|P|34|13
45173|P|34|14
45174|P|34|15
45175|P|34|16
45176|P|34|17
45177|P|34|18
45178|P|34|19
45179|P|34|20
45180|P|35|01
45181|P|35|02
45182|P|35|03
45183|P|35|04
45184|P|35|05
45185|P|35|06
45186|P|35|07
45187|P|35|08
45188|P|35|09
45189|P|35|10
45190|P|35|11
45191|P|35|12
45192|P|35|13
45193|P|35|14
45194|P|35|15
45195|P|35|16
45196|P|35|17
45197|P|35|18
45198|P|35|19
45199|P|35|20
45200|P|36|01
45201|P|36|02
45202|P|36|03
45203|P|36|04
45204|P|36|05
45205|P|36|06
45206|P|36|07
45207|P|36|08
45208|P|36|09
45209|P|36|10
45210|P|36|11
45211|P|36|12
45212|P|36|13
45213|P|36|14
45214|P|36|15
45215|P|36|16
45216|P|36|17
45217|P|36|18
45218|P|36|19
45219|P|36|20
45220|P|37|01
45221|P|37|02
45222|P|37|03
45223|P|37|04
45224|P|37|05
45225|P|37|06
45226|P|37|07
45227|P|37|08
45228|P|37|09
45229|P|37|10
45230|P|37|11
45231|P|37|12
45232|P|37|13
45233|P|37|14
45234|P|37|15
45235|P|37|16
45236|P|37|17
45237|P|37|18
45238|P|37|19
45239|P|37|20
45240|P|38|01
45241|P|38|02
45242|P|38|03
45243|P|38|04
45244|P|38|05
45245|P|38|06
45246|P|38|07
45247|P|38|08
45248|P|38|09
45249|P|38|10
45250|P|38|11
45251|P|38|12
45252|P|38|13
45253|P|38|14
45254|P|38|15
45255|P|38|16
45256|P|38|17
45257|P|38|18
45258|P|38|19
45259|P|38|20
45260|P|39|01
45261|P|39|02
45262|P|39|03
45263|P|39|04
45264|P|39|05
45265|P|39|06
45266|P|39|07
45267|P|39|08
45268|P|39|09
45269|P|39|10
45270|P|39|11
45271|P|39|12
45272|P|39|13
45273|P|39|14
45274|P|39|15
45275|P|39|16
45276|P|39|17
45277|P|39|18
45278|P|39|19
45279|P|39|20
45280|P|40|01
45281|P|40|02
45282|P|40|03
45283|P|40|04
45284|P|40|05
45285|P|40|06
45286|P|40|07
45287|P|40|08
45288|P|40|09
45289|P|40|10
45290|P|40|11
45291|P|40|12
45292|P|40|13
45293|P|40|14
45294|P|40|15
45295|P|40|16
45296|P|40|17
45297|P|40|18
45298|P|40|19
45299|P|40|20
45300|P|41|01
45301|P|41|02
45302|P|41|03
45303|P|41|04
45304|P|41|05
45305|P|41|06
45306|P|41|07
45307|P|41|08
45308|P|41|09
45309|P|41|10
45310|P|41|11
45311|P|41|12
45312|P|41|13
45313|P|41|14
45314|P|41|15
45315|P|41|16
45316|P|41|17
45317|P|41|18
45318|P|41|19
45319|P|41|20
45320|P|42|01
45321|P|42|02
45322|P|42|03
45323|P|42|04
45324|P|42|05
45325|P|42|06
45326|P|42|07
45327|P|42|08
45328|P|42|09
45329|P|42|10
45330|P|42|11
45331|P|42|12
45332|P|42|13
45333|P|42|14
45334|P|42|15
45335|P|42|16
45336|P|42|17
45337|P|42|18
45338|P|42|19
45339|P|42|20
45340|P|43|01
45341|P|43|02
45342|P|43|03
45343|P|43|04
45344|P|43|05
45345|P|43|06
45346|P|43|07
45347|P|43|08
45348|P|43|09
45349|P|43|10
45350|P|43|11
45351|P|43|12
45352|P|43|13
45353|P|43|14
45354|P|43|15
45355|P|43|16
45356|P|43|17
45357|P|43|18
45358|P|43|19
45359|P|43|20
45360|P|44|01
45361|P|44|02
45362|P|44|03
45363|P|44|04
45364|P|44|05
45365|P|44|06
45366|P|44|07
45367|P|44|08
45368|P|44|09
45369|P|44|10
45370|P|44|11
45371|P|44|12
45372|P|44|13
45373|P|44|14
45374|P|44|15
45375|P|44|16
45376|P|44|17
45377|P|44|18
45378|P|44|19
45379|P|44|20
45380|P|45|01
45381|P|45|02
45382|P|45|03
45383|P|45|04
45384|P|45|05
45385|P|45|06
45386|P|45|07
45387|P|45|08
45388|P|45|09
45389|P|45|10
45390|P|45|11
45391|P|45|12
45392|P|45|13
45393|P|45|14
45394|P|45|15
45395|P|45|16
45396|P|45|17
45397|P|45|18
45398|P|45|19
45399|P|45|20
45400|P|46|01
45401|P|46|02
45402|P|46|03
45403|P|46|04
45404|P|46|05
45405|P|46|06
45406|P|46|07
45407|P|46|08
45408|P|46|09
45409|P|46|10
45410|P|46|11
45411|P|46|12
45412|P|46|13
45413|P|46|14
45414|P|46|15
45415|P|46|16
45416|P|46|17
45417|P|46|18
45418|P|46|19
45419|P|46|20
45420|P|47|01
45421|P|47|02
45422|P|47|03
45423|P|47|04
45424|P|47|05
45425|P|47|06
45426|P|47|07
45427|P|47|08
45428|P|47|09
45429|P|47|10
45430|P|47|11
45431|P|47|12
45432|P|47|13
45433|P|47|14
45434|P|47|15
45435|P|47|16
45436|P|47|17
45437|P|47|18
45438|P|47|19
45439|P|47|20
45440|P|48|01
45441|P|48|02
45442|P|48|03
45443|P|48|04
45444|P|48|05
45445|P|48|06
45446|P|48|07
45447|P|48|08
45448|P|48|09
45449|P|48|10
45450|P|48|11
45451|P|48|12
45452|P|48|13
45453|P|48|14
45454|P|48|15
45455|P|48|16
45456|P|48|17
45457|P|48|18
45458|P|48|19
45459|P|48|20
45460|P|49|01
45461|P|49|02
45462|P|49|03
45463|P|49|04
45464|P|49|05
45465|P|49|06
45466|P|49|07
45467|P|49|08
45468|P|49|09
45469|P|49|10
45470|P|49|11
45471|P|49|12
45472|P|49|13
45473|P|49|14
45474|P|49|15
45475|P|49|16
45476|P|49|17
45477|P|49|18
45478|P|49|19
45479|P|49|20
45480|P|50|01
45481|P|50|02
45482|P|50|03
45483|P|50|04
45484|P|50|05
45485|P|50|06
45486|P|50|07
45487|P|50|08
45488|P|50|09
45489|P|50|10
45490|P|50|11
45491|P|50|12
45492|P|50|13
45493|P|50|14
45494|P|50|15
45495|P|50|16
45496|P|50|17
45497|P|50|18
45498|P|50|19
45499|P|50|20
45500|P|51|01
45501|P|51|02
45502|P|51|03
45503|P|51|04
45504|P|51|05
45505|P|51|06
45506|P|51|07
45507|P|51|08
45508|P|51|09
45509|P|51|10
45510|P|51|11
45511|P|51|12
45512|P|51|13
45513|P|51|14
45514|P|51|15
45515|P|51|16
45516|P|51|17
45517|P|51|18
45518|P|51|19
45519|P|51|20
45520|P|52|01
45521|P|52|02
45522|P|52|03
45523|P|52|04
45524|P|52|05
45525|P|52|06
45526|P|52|07
45527|P|52|08
45528|P|52|09
45529|P|52|10
45530|P|52|11
45531|P|52|12
45532|P|52|13
45533|P|52|14
45534|P|52|15
45535|P|52|16
45536|P|52|17
45537|P|52|18
45538|P|52|19
45539|P|52|20
45540|P|53|01
45541|P|53|02
45542|P|53|03
45543|P|53|04
45544|P|53|05
45545|P|53|06
45546|P|53|07
45547|P|53|08
45548|P|53|09
45549|P|53|10
45550|P|53|11
45551|P|53|12
45552|P|53|13
45553|P|53|14
45554|P|53|15
45555|P|53|16
45556|P|53|17
45557|P|53|18
45558|P|53|19
45559|P|53|20
45560|P|54|01
45561|P|54|02
45562|P|54|03
45563|P|54|04
45564|P|54|05
45565|P|54|06
45566|P|54|07
45567|P|54|08
45568|P|54|09
45569|P|54|10
45570|P|54|11
45571|P|54|12
45572|P|54|13
45573|P|54|14
45574|P|54|15
45575|P|54|16
45576|P|54|17
45577|P|54|18
45578|P|54|19
45579|P|54|20
45580|P|55|01
45581|P|55|02
45582|P|55|03
45583|P|55|04
45584|P|55|05
45585|P|55|06
45586|P|55|07
45587|P|55|08
45588|P|55|09
45589|P|55|10
45590|P|55|11
45591|P|55|12
45592|P|55|13
45593|P|55|14
45594|P|55|15
45595|P|55|16
45596|P|55|17
45597|P|55|18
45598|P|55|19
45599|P|55|20
45600|P|56|01
45601|P|56|02
45602|P|56|03
45603|P|56|04
45604|P|56|05
45605|P|56|06
45606|P|56|07
45607|P|56|08
45608|P|56|09
45609|P|56|10
45610|P|56|11
45611|P|56|12
45612|P|56|13
45613|P|56|14
45614|P|56|15
45615|P|56|16
45616|P|56|17
45617|P|56|18
45618|P|56|19
45619|P|56|20
45620|P|57|01
45621|P|57|02
45622|P|57|03
45623|P|57|04
45624|P|57|05
45625|P|57|06
45626|P|57|07
45627|P|57|08
45628|P|57|09
45629|P|57|10
45630|P|57|11
45631|P|57|12
45632|P|57|13
45633|P|57|14
45634|P|57|15
45635|P|57|16
45636|P|57|17
45637|P|57|18
45638|P|57|19
45639|P|57|20
45640|P|58|01
45641|P|58|02
45642|P|58|03
45643|P|58|04
45644|P|58|05
45645|P|58|06
45646|P|58|07
45647|P|58|08
45648|P|58|09
45649|P|58|10
45650|P|58|11
45651|P|58|12
45652|P|58|13
45653|P|58|14
45654|P|58|15
45655|P|58|16
45656|P|58|17
45657|P|58|18
45658|P|58|19
45659|P|58|20
45660|P|59|01
45661|P|59|02
45662|P|59|03
45663|P|59|04
45664|P|59|05
45665|P|59|06
45666|P|59|07
45667|P|59|08
45668|P|59|09
45669|P|59|10
45670|P|59|11
45671|P|59|12
45672|P|59|13
45673|P|59|14
45674|P|59|15
45675|P|59|16
45676|P|59|17
45677|P|59|18
45678|P|59|19
45679|P|59|20
45680|P|60|01
45681|P|60|02
45682|P|60|03
45683|P|60|04
45684|P|60|05
45685|P|60|06
45686|P|60|07
45687|P|60|08
45688|P|60|09
45689|P|60|10
45690|P|60|11
45691|P|60|12
45692|P|60|13
45693|P|60|14
45694|P|60|15
45695|P|60|16
45696|P|60|17
45697|P|60|18
45698|P|60|19
45699|P|60|20