46300|P|31|01
46301|P|31|02
46302|P|31|03
46303|P|31|04
46304|P|31|05
46305|P|31|06
46306|P|31|07
46307|P|31|08
46308|P|31|09
46309|P|31|10
46310|P|31|11
46311|P|31|12
46312|P|31|13
46313|P|31|14
46314|P|31|15
46315|P|31|16
46316|P|31|17
46317|P|31|18
46318|P|31|19
46319|P|31|20
46320|P|32|01
46321|P|32|02
46322|P|32|03
46323|P|32|04
46324|P|32|05
46325|P|32|06
46326|P|32|07
46327|P|32|08
46328|P|32|09
46329|P|32|10
46330|P|32|11
46331|P|32|12
46332|P|32|13
46333|P|32|14
46334|P|32|15
46335|P|32|16
46336|P|32|17
46337|P|32|18
46338|P|32|19
46339|P|32|20
46340|P|33|01
46341|P|33|02
46342|P|33|03
46343|P|33|04
46344|P|33|05
46345|P|33|06
46346|P|33|07
46347|P|33|08
46348|P|33|09
46349|P|33|10
46350|P|33|11
46351|P|33|12
46352|P|33|13
46353|P|33|14
46354|P|33|15
46355|P|33|16
46356|P|33|17
46357|P|33|18
46358|P|33|19
46359|P|33|20
46360|P|34|01
46361|P|34|02
46362|P|34|03
46363|P|34|04
46364|P|34|05
46365|P|34|06
46366|P|34|07
46367|P|34|08
46368|P|34|09
46369|P|34|10
46370|P|34|11
46371|P|34|12
46372|P|34|13
46373|P|34|14
46374|P|34|15
46375|P|34|16
46376|P|34|17
46377|P|34|18
46378|P|34|19
46379|P|34|20
46380|P|35|01
46381|P|35|02
46382|P|35|03
46383|P|35|04
46384|P|35|05
46385|P|35|06
46386|P|35|07
46387|P|35|08
46388|P|35|09
46389|P|35|10
46390|P|35|11
46391|P|35|12
46392|P|35|13
46393|P|35|14
46394|P|35|15
46395|P|35|16
46396|P|35|17
46397|P|35|18
46398|P|35|19
46399|P|35|20
46400|P|36|01
46401|P|36|02
46402|P|36|03
46403|P|36|04
46404|P|36|05
46405|P|36|06
46406|P|36|07
46407|P|36|08
46408|P|36|09
46409|P|36|10
46410|P|36|11
46411|P|36|12
46412|P|36|13
46413|P|36|14
46414|P|36|15
46415|P|36|16
46416|P|36|17
46417|P|36|18
46418|P|36|19
46419|P|36|20
46420|P|37|01
46421|P|37|02
46422|P|37|03
46423|P|37|04
46424|P|37|05
46425|P|37|06
46426|P|37|07
46427|P|37|08
46428|P|37|09
46429|P|37|10
46430|P|37|11
46431|P|37|12
46432|P|37|13
46433|P|37|14
46434|P|37|15
46435|P|37|16
46436|P|37|17
46437|P|37|18
46438|P|37|19
46439|P|37|20
46440|P|38|01
46441|P|38|02
46442|P|38|03
46443|P|38|04
46444|P|38|05
46445|P|38|06
46446|P|38|07
46447|P|38|08
46448|P|38|09
46449|P|38|10
46450|P|38|11
46451|P|38|12
46452|P|38|13
46453|P|38|14
46454|P|38|15
46455|P|38|16
46456|P|38|17
46457|P|38|18
46458|P|38|19
46459|P|38|20
46460|P|39|01
46461|P|39|02
46462|P|39|03
46463|P|39|04
46464|P|39|05
46465|P|39|06
46466|P|39|07
46467|P|39|08
46468|P|39|09
46469|P|39|10
46470|P|39|11
46471|P|39|12
46472|P|39|13
46473|P|39|14
46474|P|39|15
46475|P|39|16
46476|P|39|17
46477|P|39|18
46478|P|39|19
46479|P|39|20
46480|P|40|01
46481|P|40|02
46482|P|40|03
46483|P|40|04
46484|P|40|05
46485|P|40|06
46486|P|40|07
46487|P|40|08
46488|P|40|09
46489|P|40|10
46490|P|40|11
46491|P|40|12
46492|P|40|13
46493|P|40|14
46494|P|40|15
46495|P|40|16
46496|P|40|17
46497|P|40|18
46498|P|40|19
46499|P|40|20